144552912,9.3498486,56.7408757,17.0527715677876
144552912,9.3501884,56.7406785,17.614840244389
144552912,9.3505485,56.7405445,18.08353563951
144552912,9.3508058,56.7404845,18.2794652530352
144552912,9.3510534,56.7404863,18.4229736146099
144552912,9.3514747,56.7405022,19.1248885940143
144552912,9.3521273,56.7405585,19.5905926656897
144552912,9.3524201,56.7405974,19.6217636955693
144552912,9.3525839,56.740629,19.6599309194984
144552912,9.3527255,56.7406626,19.4906695590218
144552912,9.3530759,56.7408002,19.2302682047961
144552912,9.353404,56.7409042,18.2332801889404
144552912,9.3537287,56.7409995,17.6008423536018
144552912,9.354179,56.7410594,17.6443793914607
144552912,9.354581,56.7411511,18.3974824566501
144552912,9.3547868,56.7412058,18.8645551315113
144552912,9.3551147,56.7412693,18.2477297711073
144552912,9.3553365,56.7412905,18.0201293139063
144552912,9.355581,56.7412975,18.322544090848
42991631,8.5856624,57.0106364,32.0776406065856
42991631,8.5851822,57.0099725,28.7124475240045
42991631,8.5834239,57.0089128,24.6677705239323
42991631,8.5831331,57.0085517,21.8182258426915
42991631,8.5825621,57.0078424,17.1420810538272
42991631,8.5825197,57.0077898,17.0386143661186
42991631,8.5818832,57.0069995,14.2774772802595
42991631,8.5812759,57.0062707,14.0725075106701
42991632,8.5617847,57.0231006,22.4186816034265
42991632,8.5610765,57.0227781,20.5446704937569
42991632,8.560503,57.0228637,23.5659512030544
42991632,8.5595327,57.0230085,23.0573080298429
42991634,8.5052981,57.0427326,9.32131212369931
42991635,8.5053563,57.045265,7.94532185752113
42991635,8.5038165,57.0452699,6.83530187642383
42991636,8.5038165,57.0452699,7.03679520220392
42991637,8.5058627,57.0443316,8.86855661728298
42991637,8.5064511,57.0444156,8.64494033735751
42991637,8.5066534,57.0444345,8.67728146077494
42991637,8.5069191,57.0444476,8.85557095466886
42991637,8.5070322,57.0444408,8.64129891212652
42991637,8.5071685,57.0444222,8.86674502574767
42991637,8.5073621,57.0443894,8.87524493140629
42991637,8.5075176,57.0443477,8.86100979268057
42991637,8.5076101,57.0443768,8.83660225606989
42991637,8.5076473,57.0444173,9.02774983708842
42991637,8.5076518,57.0445107,8.83686338244635
42991638,8.5075176,57.0443477,8.94035654760952
42991638,8.5075775,57.0443127,8.86600806296797
42991638,8.5076333,57.0442689,8.95472907976584
42991638,8.507658,57.044215,9.10137619707346
42991638,8.5076612,57.0441594,9.1781947041122
42991638,8.5077825,57.0434855,9.62741329903697
42991638,8.5078162,57.0434553,9.43527861619816
42991641,8.5109209,57.0415404,11.4414194108302
42991642,8.5105537,57.0412931,11.2311566644115
42991643,8.5104987,57.0407147,11.5900024653866
42991643,8.5108529,57.0405045,11.2561389202042
42991644,8.5090345,57.0402727,11.3928529097858
42991644,8.5093407,57.0400268,11.8330903850766
42991644,8.5103032,57.0398273,11.2935744515487
42991644,8.5120992,57.0395103,12.1752508454484
42991644,8.5135412,57.0392283,12.1144188343058
42991644,8.5138592,57.0391655,12.0654010333057
42991644,8.5147731,57.0389894,12.7455323302231
42991645,8.5138592,57.0391655,12.4027383684211
42991646,8.5135412,57.0392283,12.4766383272515
42991646,8.5135308,57.039077,12.1452797789523
42991646,8.5133852,57.0388947,12.1555610604351
42991646,8.5128028,57.0385506,12.1286080894312
42991646,8.5126942,57.038338,12.0164841975647
42991646,8.5125974,57.0381735,12.4015926905886
125829151,9.9801245,56.6303015,54.080619689832
125829151,9.982581,56.6305181,52.5221259904219
125829151,9.9867007,56.6312617,52.847693791381
125829151,9.9930909,56.6332391,61.9381590637599
125829151,9.9934128,56.6333452,61.8685866219461
125829151,9.9953483,56.633563,66.8115309840631
125829151,9.9959662,56.6336758,68.4189999980709
125829151,9.9971721,56.6339171,72.3720785022629
125829151,9.9977471,56.6340534,74.5812344659107
125829151,9.9987815,56.6342829,78.5261752695317
125829151,9.999189,56.6342829,79.2131994929242
125829151,9.99979,56.6342356,80.2769978237663
125829151,10.0000475,56.6340941,81.2659405393379
125829152,9.9928806,56.634814,79.1207965616621
125829152,9.9931595,56.6347078,78.8042366565701
125829152,9.9933096,56.6345307,78.1653204943944
125829152,9.9938677,56.6341767,74.8966758748529
125829152,9.9945973,56.6338817,71.109130006728
125829152,9.9952796,56.6336639,67.818999738671
42991649,8.5040581,57.0349732,13.7481809380079
42991649,8.504651,57.0347101,14.9806252121265
42991649,8.5050406,57.034391,14.3284111650142
42991649,8.505441,57.0341125,13.7831933749267
42991649,8.5058769,57.0340657,14.0476118398403
42991649,8.506144,57.0341627,14.3057885651584
42991650,8.5047652,57.0361494,13.4757089525423
42991650,8.5054694,57.0358438,12.4306091469963
42991650,8.506267,57.035632,12.5430525958887
42991650,8.5059781,57.0352725,13.2018671640358
42991651,8.506267,57.035632,12.5309120168349
42991651,8.507655,57.0353607,12.8027541195721
42991651,8.5078432,57.035027,13.0867594740065
42991652,8.507655,57.0353607,12.6226585064282
42991652,8.5079715,57.0354688,12.5902767994338
42991653,8.5095782,57.0384223,12.2677568225311
42991654,8.5034799,57.034004,14.0036109750103
42991654,8.5031724,57.0340392,13.8103425416741
42991654,8.5022901,57.0342288,13.310683636033
42991655,8.5031724,57.0340392,14.0166415938445
42991656,8.5001263,57.0330286,13.9253334372888
42991656,8.4964619,57.0337013,13.3239492744799
42991656,8.4956918,57.0338587,13.2413417885443
42991656,8.4937439,57.0346384,12.7305861857413
42991656,8.4928182,57.0349844,12.3336302413889
42991656,8.4924457,57.0350524,12.6257229409692
42991658,8.493561,57.0383121,10.1410884171822
42991658,8.4945638,57.038257,11.0700446875012
42991658,8.4950533,57.0382219,10.9986611668557
42991658,8.4951614,57.0385264,10.3460550021104
42991658,8.4952613,57.0387225,9.79134330973811
42991658,8.4955789,57.0387604,10.377268758194
42991659,8.4950533,57.0382219,10.9176146572172
42991659,8.4951316,57.0377045,10.2624131433935
42991660,8.4934561,57.0388635,9.85416381460668
42991660,8.4932023,57.0388068,9.75568551668508
42991661,8.4915196,57.0348166,12.5528230854277
42991661,8.4891618,57.0355816,11.9487618900412
42991661,8.4888485,57.0356551,11.9198959988354
42991661,8.4882028,57.0357096,11.4369308292947
42991661,8.4868158,57.0359197,10.8513177063257
42991661,8.4860267,57.0360844,10.9241179690103
42991661,8.4855818,57.036193,10.9290916974879
42991661,8.4842823,57.0365102,10.5794827926268
42991662,8.4868158,57.0359197,10.9804839597098
42991663,8.5130168,57.0380911,11.9131257975739
42991663,8.5121478,57.0371778,11.6693599609432
42991664,8.4945638,57.038257,11.1484325552745
42991665,8.4936964,57.0374783,10.8913872725008
42991665,8.4935132,57.0374882,10.6151410783733
42991665,8.491621,57.0379374,10.0415985673973
42991665,8.4900758,57.0383087,10.0668588823633
42991665,8.4885555,57.0387995,9.50747262613433
42991665,8.4884066,57.0389429,9.12478905749006
42991665,8.4885659,57.0393508,9.16480987379186
42991665,8.4884962,57.0394419,8.83467966620997
42991665,8.4881143,57.0395223,8.98802603081544
143305401,9.502717,56.614923,33.7560841803084
91226220,9.8600316,57.0699237,0.988898454662556
91226223,9.8592863,57.0697554,1.08612854975372
91226223,9.8592865,57.0694573,1.0306008065686
91226229,9.8733289,57.0626141,2.01997528472502
125829144,9.9849413,56.6287241,59.5061788499828
125829146,10.002794,56.6391678,69.4737885818565
125829146,10.001571,56.6408315,78.0233843371287
125829146,10.0011632,56.6410793,80.0238807276123
125829146,10.00097,56.6412209,81.8017434349731
125829146,10.0006912,56.6414215,82.3932979900757
125829146,10.0005366,56.6414993,83.0672898616455
125829146,10.0002834,56.6414569,83.0199165733473
125829146,10.0000904,56.6415277,82.6585560620529
125829146,9.9997471,56.642153,82.9425663620763
125829146,9.9995969,56.6422592,82.939731025911
125829146,9.9993778,56.6422309,82.0708638076963
125829146,9.9971463,56.6415701,72.3545998326309
125829146,9.9967001,56.6411973,71.7429933964805
125829146,9.9964641,56.6411383,70.250152454372
125829146,9.9888895,56.6423181,55.9104831013752
125829146,9.9879453,56.6421766,51.4373202592634
125829148,10.0014851,56.6341059,83.5344075426423
125829148,10.0014208,56.6366785,76.0152756515501
125829148,10.0015925,56.6369145,75.2648335602078
125829148,10.0019142,56.6373512,71.556921301853
125829148,10.0019572,56.63754,70.3631289215908
125829148,10.0020216,56.6377406,70.0747542216719
125829148,10.0025794,56.6389907,69.7473007879611
125829148,10.002794,56.6391678,69.7479944300179
125829148,10.0032661,56.6392976,69.8528505321995
125829148,10.0058839,56.6400173,69.421843833295
125829148,10.0074289,56.6404421,67.5618550786609
125829148,10.008652,56.6409023,64.1929431025322
125829148,10.0090596,56.6411973,62.8063145225209
125829148,10.0092314,56.6413742,61.7563586765205
42991648,8.5035903,57.034136,13.742658272476
125829153,10.0003907,56.6305417,69.2864099888172
125829153,9.9999143,56.6317521,68.7536768711645
125829153,10.0002406,56.632135,74.3974354889942
125829153,10.0002406,56.6323711,76.9257833781066
125829153,10.0000861,56.633416,79.9943750118621
146800929,10.0677356,56.8033692,50.5388948026013
146800929,10.067993,56.8033868,51.1315366883248
146800929,10.0681969,56.8034103,51.7590201100235
146800929,10.0683996,56.8034556,52.1129719916558
146800929,10.0685187,56.8035807,51.4125772783451
146800929,10.0685928,56.8036788,50.4980238677839
146800929,10.0686249,56.8037728,49.7532776358749
146800929,10.0685401,56.8039214,49.3598234382326
146800929,10.0684329,56.8040565,48.938900588088
146800929,10.068421,56.8041311,49.1431000142084
146800929,10.068539,56.8042074,48.9949787029171
146800929,10.0687333,56.8042914,48.8055200087678
146800929,10.0689588,56.8043089,48.4620490360604
146800929,10.0692217,56.804353,48.576781416882
146800929,10.0696508,56.8044381,48.7503325374185
146800929,10.07008,56.8045351,49.5867264288016
146800929,10.0706219,56.8046555,48.5070856031393
146800929,10.0709853,56.8047449,46.4518964788551
146800929,10.0712535,56.8048066,45.5229931126494
146800929,10.0714211,56.8048523,44.6284824086272
146800930,10.0884102,56.8043354,32.860329889544
146800930,10.0881367,56.8043265,33.045246642646
146800930,10.0878578,56.8042795,32.9661201842916
146800930,10.0877129,56.8042678,32.6660383871508
146800930,10.0876109,56.804306,32.8606112313399
146800930,10.0867793,56.805005,33.876582525569
146800930,10.0861249,56.8055424,32.3242785218868
146800931,10.0781801,56.8034219,32.6417249321092
121635376,9.5685446,57.0522153,1.94681426140926
121635376,9.5693017,57.05361,2.24977425104904
121635378,9.5679435,57.0536799,2.55220164629219
149946971,9.4459406,56.6202037,16.8268544424296
149946971,9.446005,56.6200946,15.966832977054
149946971,9.4461132,56.6200191,15.1525669862058
149946971,9.4462142,56.6199618,14.9147257410186
149946971,9.4463062,56.6198805,14.4706975607193
149946971,9.4463161,56.6198231,14.2025382069608
149946971,9.4463216,56.619764,14.2879389777311
149946971,9.4462634,56.6196739,13.7399328648022
149946972,9.4421319,56.6170456,29.1376175363954
149946972,9.4419442,56.6179695,28.795032864889
149946972,9.441886,56.6182689,28.083898042633
149946972,9.4418209,56.618368,27.7767457787946
149946972,9.4416707,56.6184329,27.5901868077958
149946972,9.4413433,56.6185184,26.590960161131
149946972,9.4393218,56.6190541,18.1133916427823
149946972,9.4379377,56.6194466,11.1461552393538
149946972,9.437675,56.6195351,10.1325044197553
149946972,9.4376365,56.6195781,10.1768326405512
90178161,9.9780988,57.0303709,33.2269434773752
90178161,9.9776683,57.0303905,32.9154501215793
90178161,9.977128,57.0304105,33.3071836865923
90178161,9.9770036,57.0304165,33.3134051528242
90178161,9.9768982,57.0304215,33.0839940904129
90178161,9.975305,57.0304977,34.5270268544556
90178161,9.9744942,57.0305612,34.8660398742154
90178161,9.973836,57.0306556,35.5114132613731
90178161,9.9732702,57.0307863,35.8422924360987
90178162,9.9793703,57.0301985,34.1835929907567
90178162,9.9795632,57.0301891,34.2440807341461
90178162,9.9812198,57.0301097,35.9751807874488
90178162,9.9872421,57.0298284,41.0768877986684
90178162,9.9881274,57.0297892,40.7721159287079
90178162,9.9893175,57.0297452,40.8759416016453
90178162,9.9894907,57.0297329,40.8195567897964
90178162,9.9902474,57.0296839,40.7613850495946
90178162,9.9916817,57.0295407,39.708217472815
90178162,9.9925348,57.0294118,38.6516145948395
90178162,9.9932084,57.0293025,37.5225139234202
90178162,9.9943455,57.0290611,34.4554790693437
90178162,9.9951495,57.0288719,31.7656436932404
90178162,9.9959852,57.0286286,28.7836513467624
90178162,9.996861,57.0283436,25.6309174280891
90178162,9.9973383,57.0281685,23.7569543879148
90178162,9.9991384,57.0275088,17.7029630416438
90178162,10.0029041,57.0261591,8.7416737925588
90178162,10.0042653,57.0256654,7.04709759341325
90178162,10.0071281,57.0246463,5.02715183325475
90178163,9.9543467,57.0338543,22.229029531501
90178163,9.9542176,57.0338378,22.0939609447429
121635489,9.59544,57.0861845,1.77181905757969
121635489,9.5928221,57.0851818,2.20144334431705
121635489,9.5910626,57.0842022,2.31350761757389
121809718,10.2381461,57.2836706,36.6432944453593
121809718,10.2382666,57.2825106,36.7541783461481
121809718,10.2385707,57.2818859,35.2768472310221
121809718,10.2391385,57.2808065,36.2586568374299
153092945,10.2252264,57.5103628,24.8395951101663
153092945,10.2246588,57.5089472,26.5862672706894
153092945,10.2243614,57.508243,27.2151371716766
153092947,10.1645493,57.5223522,23.2196329326917
153092947,10.1642051,57.5232502,23.3708698015405
153092947,10.1640715,57.5236813,22.1517548094891
153092947,10.1639376,57.5241277,21.4304772545235
153092947,10.1640333,57.5244818,21.2950436740474
153092947,10.1641862,57.5250103,21.1335659086989
153092947,10.1644059,57.5252463,21.2407545090431
153092947,10.1646257,57.5253798,21.1658305190192
153092947,10.1648742,57.5255747,21.0859175969598
153092947,10.1649794,57.5258416,21.4418026010395
153092947,10.1651416,57.5261648,21.4625989006383
153092947,10.1653234,57.5264163,21.9034678591726
153092947,10.165266,57.526524,22.344367939489
153092947,10.1651416,57.5265599,22.5915669779228
153092947,10.1648359,57.5265599,22.7838275459408
153092947,10.1642434,57.5264778,22.6644259408333
153092956,10.1692108,57.5170876,26.6640778846737
153092956,10.1666562,57.5167911,26.3115323910472
153092956,10.1667589,57.5166326,26.227451734205
153092956,10.1673366,57.5161361,26.0735550821774
153092956,10.1678886,57.5158121,26.2005623725177
153092956,10.1689797,57.5152605,26.7186286887164
153092956,10.1693905,57.5150399,27.0142771764707
153092956,10.1695701,57.5148675,27.0359389768157
153092956,10.1695575,57.5145917,26.7234918857869
153092959,10.1848471,57.5264801,16.4970730497548
153092960,10.1773496,57.5201786,23.1168869039329
153092960,10.1780639,57.5202144,23.1532858269383
153092962,10.1856244,57.5252218,21.6459603545444
153092962,10.1857515,57.5251974,21.3187085635936
153092963,10.1811448,57.5228426,21.7272006035455
153092963,10.1811577,57.5226841,21.6329630247091
153092963,10.1812475,57.5226082,21.5224582916362
153092963,10.1814144,57.5225669,21.6158988971368
153092971,10.2350543,57.5386777,21.5509744388651
153092977,10.2120614,57.529786,22.4965030987384
153092977,10.2108181,57.5297171,21.5607390901898
153092979,10.2271341,57.5467577,19.8628443934064
153092980,10.2231404,57.5465945,19.3250776331415
153092980,10.2233566,57.5479071,18.4887253538858
121809726,10.2150774,57.2935475,57.871256709596
121809726,10.2162534,57.2935809,59.8652208966758
121809726,10.2193322,57.2936683,63.5300193597293
121809726,10.2210616,57.2941444,67.2244236018853
121809726,10.2225382,57.2940717,68.6061723734163
121809726,10.2232276,57.2941195,68.9309506188189
121809726,10.2238959,57.2942008,70.3713924170251
121809726,10.2241704,57.2943654,70.8594437323356
121809726,10.2245566,57.2945057,69.6090920261966
121809726,10.2252272,57.2947022,65.8373975769359
121809726,10.2259278,57.2948697,62.7362893863238
121809726,10.226599,57.2948787,61.1007437334588
121809726,10.2266875,57.2950342,61.1239707712627
121809726,10.2268675,57.2953502,60.5942916679573
121809726,10.2283105,57.2961933,55.8072231062438
121809726,10.2286125,57.2965741,55.2707712647125
121809726,10.2286797,57.296973,56.5105209632336
121809726,10.2278407,57.2987226,65.2904284268916
121809726,10.227891,57.299176,67.5457869716856
153092984,10.1562097,57.5174955,25.6615381338208
153092984,10.1557013,57.5175394,25.6737526822133
153092985,10.2300888,57.541301,21.0501190666431
153092985,10.2302733,57.5409971,20.1266124036669
153092985,10.2302601,57.540891,19.8706951640978
153092985,10.2301548,57.5407355,19.2329745964036
153092985,10.2299176,57.5405093,18.6381806439172
153092985,10.2295752,57.5402618,18.3207614638223
153092985,10.2292195,57.5400427,19.1845430790452
153092985,10.2288507,57.5398377,20.2829553512316
153092985,10.2286927,57.5396963,20.6269122626161
153092985,10.2286267,57.5394559,21.2144226288535
153092985,10.228561,57.5391872,21.1313333051348
153092985,10.2286135,57.5388479,21.0055062309938
121809727,10.2763053,57.309861,45.353203238344
121809727,10.2762039,57.3095667,46.3477978207885
121809727,10.2760518,57.309334,46.4137451254222
121809727,10.2755575,57.3092039,45.99826054849
121809727,10.2751648,57.3091286,45.988116230152
121809727,10.2747593,57.308937,45.5207695335326
121809727,10.2744678,57.3087248,44.084650531192
121809727,10.2742016,57.3084853,42.14990965416
121809727,10.2738215,57.3082731,40.505685623491
121809727,10.271984,57.307705,36.4529589298882
121809727,10.2717939,57.3075407,36.0690235411943
121809727,10.2716419,57.3069658,35.7048752438276
121809727,10.2716547,57.3064593,36.9142220464825
121809727,10.2720094,57.3055558,36.4390197309734
121809727,10.2719588,57.3053847,37.3021948132113
121809727,10.2716799,57.3052751,36.228868408322
121809727,10.2710718,57.3050972,34.555320945075
121809727,10.2709449,57.3049808,33.5545992067846
121809727,10.2709577,57.3048576,32.90692318568
121809727,10.2713504,57.3043648,31.0097732339663
121809727,10.2713504,57.3042552,30.6974897564231
121809727,10.2711984,57.3041663,29.5797272275296
121809727,10.2691835,57.3038787,20.7865314828961
121809727,10.2690569,57.3038035,19.9118123552082
121809727,10.2691328,57.3035364,18.5585375289081
121809727,10.2693103,57.3033654,18.3861077752977
121809727,10.2697159,57.3032695,19.5974626209414
121809727,10.2699439,57.3030642,19.3072693045174
145752958,9.7291404,56.9949283,31.5305659666151
145752958,9.7272534,56.994777,30.6107751696364
145752958,9.7253545,56.9946952,27.6121318878975
145752958,9.7235545,56.9946069,26.0276734250818
145752958,9.7232731,56.9946367,25.8117649507859
145752958,9.7231147,56.9946771,25.5149801536729
145752958,9.722396,56.9946303,22.8932103661524
145752958,9.7219131,56.9946185,22.7300631338095
145752958,9.7212265,56.9946128,21.6397017357885
145752960,9.7233893,57.0090004,6.68437954454475
145752960,9.7196387,57.0087063,6.69605094165288
145752960,9.717804,57.0085778,8.51474807067781
145752960,9.7168492,57.0084902,8.99210435747588
145752960,9.7167391,57.0087653,8.23125799809926
145752960,9.7163421,57.009367,7.05069032982213
145752961,9.6732155,57.0067667,1.99615577056792
145752961,9.6724965,57.0059662,1.72522945245076
145752961,9.6717563,57.0052886,1.49450219807014
145752961,9.6714559,57.0050315,1.55380616553477
145752961,9.6714131,57.0049264,1.57138957038406
145752961,9.6713701,57.0048387,1.64997579270956
145752961,9.6714238,57.0041493,1.95751707926092
145752961,9.6714559,57.0039857,2.2505055800329
145752961,9.6715633,57.0038688,2.27180714247956
145752961,9.6717456,57.0037812,2.02641051640989
145752961,9.6741704,57.0029048,1.99361115764086
145752961,9.6743634,57.0028639,2.20344894596519
145752961,9.6772602,57.002227,2.83726895019618
153092995,10.2067775,57.5398684,18.4940184070865
153092995,10.2066516,57.5396785,18.5942242927013
153092997,10.2075862,57.5217021,21.3713977378454
145752966,9.7196815,57.0031093,18.6829686776714
145752966,9.7153041,57.0027938,26.8547187655355
153092999,10.2103786,57.5215005,24.9456168739245
145752968,9.7124504,57.0067841,15.9008968541521
145752968,9.7120399,57.0074333,13.0034589189784
145752968,9.7114714,57.0082687,8.53672255579503
145752969,9.6770349,57.020721,2.24842512878273
153093003,10.1844401,57.5084343,28.3447874040302
153093003,10.1842446,57.5084593,28.442390746136
153093003,10.182661,57.5084893,28.1890777141664
153093003,10.181824,57.5085091,28.5422036193152
153093003,10.1815137,57.5085268,28.4721740011043
153093003,10.1810387,57.5085519,28.2906108365612
153093003,10.180652,57.5086044,27.8199759130575
145752973,9.6738914,57.0141214,1.51036365302126
145752973,9.6737733,57.0135724,1.24016915427998
145752973,9.6738056,57.0134497,1.68687025313437
145752973,9.6738881,57.013386,1.55852279456904
145752973,9.6741778,57.0133393,1.25266590656203
145752973,9.6767421,57.0129421,1.76328452558061
145752973,9.681326,57.0122289,2.50801035920731
145752974,9.6826026,57.033818,1.63290885720458
145752974,9.6826886,57.0335495,2.1017776725795
145752974,9.6827422,57.0333743,1.89806276306022
145752974,9.6829568,57.0332225,2.04886934160758
145752974,9.6831579,57.0331592,2.02221291785471
145752974,9.6841234,57.0319098,2.30275041582091
145752974,9.6854002,57.0302225,3.07602243763023
145752974,9.6854753,57.0300824,3.87231303197673
145752974,9.6853921,57.0299706,4.56012750528584
145752974,9.6846411,57.0295969,4.41125238969738
145752974,9.6837185,57.0292641,4.61605044125297
145752974,9.6831713,57.029124,4.67900178562848
145752974,9.682946,57.0289955,5.85366879576065
145752974,9.683072,57.0288853,6.71589454341001
104158701,9.2697465,56.857276,19.6580991653799
104158701,9.2695587,56.8570179,19.9432767225229
104158701,9.2694151,56.8568306,19.6966259011232
145752979,9.6846564,57.0118535,3.27615646784282
145752979,9.6883078,57.0112597,3.75475799775147
145752979,9.6914914,57.0107334,3.65064928192467
145752979,9.6918134,57.010675,3.87556858970166
145752979,9.6919583,57.0106224,3.99064331055085
145752979,9.693943,57.0096118,3.83854827772473
145752979,9.6956758,57.0087472,4.35482341585027
145752979,9.6971374,57.008,4.12637198571274
145752979,9.6990071,57.0070851,4.65732506136341
145752979,9.6995112,57.0070063,4.91446596016094
145752979,9.6998923,57.0069331,5.37523547150399
145752979,9.7000853,57.0068105,6.31338457849857
145752979,9.7002516,57.0066411,6.21091699537585
145752979,9.7004448,57.006387,6.19444498057784
145752979,9.7005574,57.0062468,6.41327851456571
146801585,10.0850361,56.8073163,33.3647651038809
146801585,10.0851258,56.8071062,32.5217949844203
146801585,10.0854101,56.8065717,30.5693648147621
146801585,10.0855819,56.8062427,30.3564511484139
146801586,10.0859801,56.8071871,31.8105976611896
146801586,10.0860539,56.8070269,31.2511924764838
146801587,10.0792852,56.7979086,30.5825561093369
146801587,10.0789793,56.7977131,30.3406514141535
146801587,10.0788991,56.7976619,30.6108659261028
146801587,10.0785612,56.797418,30.2205378199854
146801587,10.0783681,56.7972741,30.0152966508936
146801587,10.0782125,56.7971478,30.0539897376657
146801587,10.0781213,56.7970419,30.1551796363312
146801587,10.0780836,56.7969157,30.2265519013244
146801587,10.0781051,56.7968011,29.2896144652217
146801587,10.0782125,56.7966366,28.4493367478067
146801587,10.0782808,56.7965351,27.9535027893869
146801587,10.0783131,56.7964499,27.8022773946836
146801587,10.0783185,56.7963648,27.8481536199098
146801587,10.0782446,56.7963105,27.6921177493554
146801587,10.0780623,56.796243,27.4564863241941
146801587,10.0778317,56.7962019,27.7979429176933
146801587,10.0776868,56.7961842,28.287489468141
146801588,10.0789793,56.7977131,30.345631320345
146801588,10.0789688,56.7978175,30.5460615861343
146801588,10.0788724,56.7980026,30.0111186702609
146801588,10.0788347,56.7981319,30.0839317438699
146801588,10.0788187,56.7982317,29.8556705410115
146801588,10.0788938,56.798311,29.9236577232612
146801588,10.0789903,56.798361,29.7358853316183
146801588,10.0791084,56.7984021,29.434604223743
146801588,10.0791835,56.7984403,29.3129773757511
146801588,10.0792102,56.7984844,29.157969454877
146801588,10.0791727,56.7985255,29.1848557274595
146801588,10.0788401,56.7987194,29.1377667341145
146801588,10.0787812,56.7987781,29.0358293452025
146801588,10.0787436,56.7988163,28.7510745174338
146801588,10.0787222,56.7988692,28.6112496799189
146801588,10.0787222,56.7989426,28.3625272273074
146801588,10.0787436,56.7990102,28.4518584678558
146801588,10.0787919,56.7990777,28.016585651803
146801588,10.0788508,56.7991394,27.7924671430814
146801588,10.0789367,56.7991776,27.5081066048867
146801588,10.0790118,56.7992128,27.7203011444334
146801588,10.0791244,56.7992452,27.6933733753517
146801588,10.0797198,56.7994066,28.1196238307199
146801588,10.0800953,56.7995006,28.3267450521339
146801588,10.080444,56.799583,29.0417898287049
146801588,10.0806801,56.7996388,30.0714161069731
75872856,10.1569443,57.2120727,36.9734476860225
25690293,8.6901193,56.6076007,2.25350399215274
25690293,8.6924421,56.6075125,5.83728860036417
25690293,8.6944446,56.6076007,6.99197660823377
25690293,8.6959665,56.6074905,7.24617435020001
25690293,8.6967674,56.6073142,8.77320049508487
25690295,8.7314305,56.6005079,27.9618607541368
25690295,8.7315872,56.6011867,28.7432712941374
25690295,8.7317643,56.6019541,28.4682658830563
25690295,8.7318845,56.6024752,27.7433392127798
25690295,8.731933,56.6026852,27.3899028693807
25690295,8.7321248,56.6035164,27.1270448776456
25690295,8.7325639,56.605419,27.7607999988572
25690295,8.7326621,56.6063729,27.1672587769365
25690295,8.7327324,56.6121522,21.9398021511043
25690295,8.7328726,56.613541,20.8741901680552
25690295,8.7332702,56.6149412,17.968377630151
25690295,8.7335179,56.6158134,16.2201132242255
25690295,8.7340649,56.6175108,14.5374377615493
25690295,8.7343315,56.618072,13.2832147696
25690295,8.7345654,56.6182467,12.6287653455721
25690299,8.7542087,56.6388329,1.61934252019682
25690299,8.7546688,56.6387767,1.71556801626973
25690299,8.7557011,56.6384063,2.75965604822756
25690299,8.7563746,56.6381595,3.13586665009975
106255904,10.3069605,57.5026824,51.4997777698977
106255904,10.3074067,57.5024298,50.6521893249864
106255904,10.3103248,57.501323,60.0344361763966
106255904,10.3120414,57.5006774,56.3198931127504
106255904,10.31223,57.5006488,55.9215543520448
106255904,10.3128784,57.5005506,56.513935240407
106255904,10.3138654,57.5002854,53.232833452946
106255904,10.3145091,57.5000202,51.7069232222452
106255904,10.3150241,57.4995706,50.6878981203379
106255904,10.3154747,57.4992478,49.4652705626744
121636082,9.6004835,57.1578794,6.21267755260746
121636082,9.6041528,57.1547838,6.17978449082552
121636083,9.6054189,57.1460193,3.57218410504886
121636084,9.6064917,57.138976,2.84164175813945
121636084,9.6067707,57.1383239,2.87125801256568
121636084,9.6069198,57.1382698,2.76001323508051
121636084,9.6072427,57.1382657,3.06327194538768
121636086,9.6135095,57.1491603,4.44213661375528
121636087,9.6026937,57.1406292,2.66722023661358
121636087,9.6055474,57.1409436,2.83942728540281
121636087,9.6058039,57.1410175,2.83007571331877
121636087,9.605718,57.1412154,2.79809868754653
121636088,9.5871798,57.1542018,5.07961471590797
121636088,9.5867506,57.1542251,5.53873023750761
121636088,9.5864715,57.1543764,6.16695597749155
121636088,9.5854418,57.1543764,5.62830135633293
121636088,9.5851198,57.1544463,5.79571615410034
121636088,9.5838955,57.1545317,5.88494238532689
121636088,9.5833163,57.1546831,6.30840702674944
121636088,9.5814721,57.1547954,6.76472772916964
121636088,9.5797125,57.154842,6.75794286869941
121636090,9.6149621,57.1469162,4.2109637895335
121636090,9.6135095,57.1491603,4.45348025129451
121636090,9.6153097,57.1495271,4.46799201381526
121636090,9.6152882,57.1496435,4.39513634491662
121636091,9.5955267,57.1461124,3.23710966495282
121636093,9.6119849,57.1448901,3.73751389101105
121636094,9.6028653,57.1480215,4.68649071894866
131246977,8.8356793,56.7575165,33.7828092679529
131246977,8.835674,56.7575989,33.1701580381867
131246977,8.8356335,56.7576834,32.8423578296895
131246977,8.8354189,56.7576893,32.6632539718279
131246977,8.8351346,56.7576511,32.4901908797046
125830644,10.0120101,56.6563119,24.2007050589028
125830644,10.0118448,56.6562718,23.0389679659429
125830644,10.0117419,56.6562323,21.9801938546205
125830644,10.0117097,56.6561763,21.2496942211977
125830644,10.0117527,56.6560849,20.2810750694344
125830644,10.0118342,56.6560418,19.0318260514714
125830644,10.0120326,56.655968,17.5482836377305
125830644,10.0120638,56.6559021,17.2487538577063
125830644,10.0120701,56.6558502,16.9765711725892